-2.302	-0.831	NA	NA
1.091	1.272	0.205	1.419
-0.277	-0.116	-0.21	0.458
0.466	NA	0.324	-0.559
0.02	1.013	-0.27	NA
0.449	0.117	0.473	1.134
0.804	NA	1.399	0.445
0.836	NA	1.245	1.366
-0.384	-0.612	-0.179	-0.066
-0.094	NA	0.437	-0.45
-0.019	NA	NA	NA
-0.572	-0.501	NA	NA
0.19	0.135	0.467	NA
0.472	NA	0.272	1.116
-0.404	-0.767	-0.558	0.039
1.272	NA	1.15	0.469
0.398	NA	1.478	0.428
0.601	-0.347	-0.134	NA
2.483	NA	1.883	1.57
-0.177	-1.626	NA	NA
-0.388	NA	0.017	-0.523
0.616	NA	-0.061	0.317
-0.633	NA	NA	NA
-0.834	-0.617	NA	-0.624
0.325	0.112	1.587	0.434
0.746	0.928	0.842	1.146
-0.156	NA	-0.518	NA
-1.407	-1.927	NA	NA
-0.873	NA	NA	NA
0.162	0.349	-0.249	0.247
-1.901	-1.886	NA	NA
-0.772	NA	NA	NA
0.006	-0.805	NA	-0.483
-0.519	-0.535	-0.571	NA
-0.195	NA	-0.095	-0.238
-1.054	-0.72	NA	NA
0.552	0.472	1.502	NA
0.759	NA	0.371	1.013
1.938	NA	2.04	1.859
-0.531	NA	-0.192	NA
1.763	NA	1.261	2.596
-0.34	0.003	0.113	0.996
0.597	0.767	1.009	1.375
-1.176	0.154	NA	NA
0.109	-0.303	1.386	-0.322
0.839	0.286	0.063	0.438
0.522	0.621	0.827	0.376
0.263	0.22	1.132	0.889
1.072	0.995	0.542	-0.004
1.772	1.311	1.209	1.021
1.474	NA	0.696	1.428
-0.281	NA	NA	0
0.284	NA	0.311	-0.623
0.249	NA	-0.561	0.335
-1.554	-1.554	NA	NA
1.433	1.807	1.44	1.927
0.831	NA	0.433	0.618
-2.003	-1.4	NA	NA
0.35	-1.016	1.559	0.094
0.966	0.412	0.256	1.19
0.758	0.395	1.498	0.169
1.414	0.968	0.631	2.099
-0.134	-0.782	0.801	NA
-0.495	-0.408	NA	0.163
0.209	-0.294	-0.006	0.015
-0.587	NA	NA	-0.165
0.407	0.985	0.462	0.222
0.97	1.06	0.765	0.097
-0.112	-0.618	0.79	0.167
-0.157	-0.551	0.63	NA
1.108	NA	1.325	0.751
0.815	0.694	-0.85	0.865
-1.055	NA	NA	-0.529
0.639	-0.262	1.072	0.509
-0.485	NA	0.187	0.347
-0.832	NA	NA	NA
-0.662	-0.984	-0.104	-0.379
1.94	NA	1.903	2.066
1.009	1.824	1.245	-0.041
2.183	1.353	1.015	2.178
-0.502	0.355	NA	-0.14
0.493	-0.011	0.25	0.77
0.425	0.3	1.064	NA
-0.475	-0.332	NA	NA
-0.455	NA	NA	NA
-0.287	-0.272	NA	NA
-1.52	-1.438	NA	NA
0.166	-0.679	0.529	0.421
-0.197	NA	NA	-0.348
-1.038	-0.62	NA	0.113
0.168	-0.423	0.623	0.118
0.317	1.249	0.916	0.441
-0.145	0.134	-0.412	-0.434
-0.517	-0.551	0.136	NA
1.071	1.768	1.261	1.662
-1.301	NA	NA	NA
0.869	-0.307	0.343	0.718
-1.446	-1.066	NA	-0.339
0.037	NA	NA	1.081
-1.503	-1.377	NA	NA
-0.613	NA	NA	-0.68
-0.036	1.717	0.139	0.317
0.663	0.53	-0.622	0.486
0.235	0.614	-0.326	0.231
-1.777	-1.987	NA	-0.629
-0.762	-0.971	NA	0.467
0.419	1.129	0.979	NA
-0.01	NA	0.196	-0.686
0.026	NA	0.264	NA
-0.124	NA	-0.465	NA
1.573	0.992	1.465	2.007
-0.589	NA	NA	NA
1.669	NA	2.085	1.124
0.184	NA	-0.034	0.033
0.743	0.77	0.832	1.622
0.875	NA	0.471	1.64
1.208	NA	0.639	1.43
0.999	1.696	0.251	NA
0.506	NA	0.521	0.394
-2.785	-2.324	NA	NA
0.463	-0.056	0.956	0.28
0.367	NA	0.117	0.088
-0.255	0.647	-0.475	-0.421
-0.312	-1.276	NA	0.322
-0.109	0.041	0.023	NA
-0.793	NA	NA	NA
0.059	NA	-0.641	NA
-0.792	NA	NA	NA
-1.226	-0.993	NA	NA
-0.932	-0.758	NA	0.044
-1.122	-1.049	NA	-0.072
-0.675	-1.33	NA	-0.051
1.861	2.213	1.007	1.23
1.366	0.838	1.989	0.896
-0.348	-0.787	-0.19	NA
-0.229	0.026	NA	0.077
1.438	NA	0.927	1.071
1.439	1.025	1.77	0.868
-0.603	-0.724	NA	-0.105
0.494	NA	0.718	1.139
0.342	0.226	-0.689	-0.624
-0.207	-0.066	-0.147	1.089
-0.071	-0.988	1.785	NA
-0.114	NA	0.577	0.246
1.616	NA	1.566	0.567
0.307	0.886	0.206	0.458
1.44	0.498	1.595	0.591
0.018	-0.31	NA	1.009
-0.016	0.306	NA	0.186
-0.176	-0.269	NA	0.317
-0.152	-0.66	-0.171	NA
0.027	0.98	-0.222	NA
-0.92	-0.387	NA	-0.284
0.2	NA	0.117	0.367
-1.036	-0.586	NA	-0.529
0.057	0.076	-0.237	-0.172
0.484	NA	0.246	NA
-0.072	NA	0.035	NA
1.471	1.303	0.137	1.238
-0.577	-0.104	-0.442	0.343
-1.958	-2.205	NA	NA
-0.939	-0.735	-2.015	NA
0.017	-0.518	-1.154	0.925
-0.364	0.703	-0.746	-0.197
0.327	NA	0.168	NA
-2.136	-2.468	NA	NA
-0.312	NA	NA	NA
-0.202	-0.289	-0.565	0.132
0.891	0.692	0.439	0.412
0.932	0.8	1.475	-0.22
-1.211	0.041	NA	NA
0.061	NA	-0.298	NA
0.404	-0.239	0.304	0.44
-0.305	NA	-1.745	-0.308
-0.375	-1.041	-0.208	NA
0.479	0.156	0.916	0.714
-0.802	-0.447	NA	0.185
0.442	-1.015	0.12	0.158
-1.413	NA	NA	NA
0.481	0.23	0.54	0.576
-1.063	NA	NA	NA
-2.006	-1.662	NA	NA
1.903	1.632	0.915	1.339
0.617	-0.292	-0.399	1.116
-0.407	-0.142	NA	-0.252
-1.327	NA	NA	NA
0.388	NA	-0.104	1.188
-1.785	-2.039	NA	NA
0.054	-0.185	-1.077	NA
-0.648	-0.42	NA	NA
1.344	1.084	1.526	1.657
0.595	0.53	0.691	0.486
0.09	NA	0.336	-0.57
-0.423	NA	NA	0.26
-0.285	-1.028	NA	-0.03
0.67	NA	0.368	-0.863
-0.334	NA	NA	NA
-1.109	-1.184	NA	NA
1.049	1.463	0.243	1.191
0.462	1.033	0.136	1.028
0.998	0.418	1.083	1.685
-0.17	-1.162	0.227	-0.242
0.515	-0.303	0.821	1.753
-1.201	-1.474	NA	NA
1.301	1.01	1.549	0.91
0.511	0.058	1.625	1.533
0.092	1.263	1.368	0.548
-1.312	-1.265	NA	NA
-1.142	-1.508	NA	0.189
-0.407	0.673	-0.394	NA
0.57	1.084	0.639	0.766
0.348	NA	0.935	NA
-0.776	-1.041	NA	-0.1
-0.652	-0.446	NA	NA
0.203	0.303	-0.286	NA
0.287	NA	-0.067	1.1
0.962	1.507	0.57	1.173
0.11	0.958	1.129	-0.154
-0.961	NA	NA	NA
0.053	-0.893	0.48	0.755
1.455	NA	2.443	1.85
-0.105	NA	NA	0.185
0.585	0.776	-0.617	NA
0.517	NA	0.625	-0.329
1.063	1.199	0.085	1.677
0.238	-0.513	0.764	0.22
1.674	1.1	1.193	1.528
-0.343	-0.388	NA	0.032
-0.96	NA	NA	NA
0.503	-0.053	0.479	0.56
-0.436	NA	-0.323	0.245
-0.034	0.319	0.014	0.043
0.39	0.036	0.295	0.171
-1.884	NA	NA	NA
-1.691	-1.022	NA	NA
-1.572	-1.313	NA	0.079
0.147	0.316	0.124	-0.44
-0.111	-0.55	0.865	NA
0.544	NA	0.665	1.748
-1.282	-1.674	NA	NA
0.67	0.006	0.619	0.537
-0.982	NA	NA	0.139
1.422	NA	0.738	0.621
1.129	NA	0.273	1.805
-0.299	0.063	NA	NA
-0.947	NA	NA	0.088
0.006	-0.541	-0.486	NA
-1.803	-1.123	NA	NA
-2.426	-2.699	NA	NA
-0.916	NA	-1.891	NA
-1.004	-0.446	NA	NA
0.706	-0.047	0.02	1.843
1.186	0.778	1.16	-0.028
-1.096	NA	NA	NA
-1.361	NA	NA	NA
0.547	1.76	-0.362	0.411
0.149	0.122	0.866	0.394
0.803	NA	-0.966	1.025
1.345	1.654	1.041	0.884
0.141	-0.321	-0.029	0.381
-1.302	0.179	NA	NA
-0.369	-0.32	NA	-0.029
0.277	-1.009	1.245	NA
-0.23	0.227	0.401	NA
0.038	-0.149	-0.297	NA
0.853	NA	0.121	1.803
-0.932	-1.378	NA	-0.602
-0.299	-0.199	NA	0.371
-0.454	0.432	NA	-0.183
-1.588	-1.376	NA	NA
-0.477	-0.414	NA	-0.445
-0.689	-0.393	NA	NA
-1.603	-1.667	NA	NA
0.967	0.819	-0.124	1.12
0.072	-0.027	1.033	1.416
-0.304	NA	-0.383	-0.626
-0.828	-1.114	NA	-0.118
0.067	NA	0.523	1.025
-0.422	-0.036	NA	NA
-0.412	NA	NA	-0.164
-0.172	NA	NA	0.078
-1.714	-0.177	NA	0.107
1.017	0.431	1.945	-0.056
0.934	NA	0.443	1.772
1.681	1.381	0.545	2.358
-2.893	NA	NA	NA
-0.409	-0.67	NA	NA
0.088	-0.266	0.105	0.745
0.323	0.822	-0.231	NA
0.493	0.195	0.694	0.326
-0.125	NA	-1.448	-0.144
1.302	NA	1.46	1.604
0.703	0.559	-0.436	0.012
0.254	-0.509	0.29	NA
0.462	0.15	0.124	0.824
-0.762	0.017	-1.523	NA
-0.358	NA	-0.824	-0.022
-1.553	-1.637	NA	NA
0.089	0.167	-0.231	0.002
-0.804	-0.387	NA	NA
-0.025	0.021	0.015	-0.422
0.547	NA	0.643	NA
-1.178	NA	NA	NA
-1.509	-1.838	NA	-0.252
-0.568	0.056	NA	NA
0.028	-0.468	0.667	0.319
-1.158	NA	NA	NA
-1.344	NA	NA	NA
-0.133	-0.047	NA	NA
0.424	NA	0.62	0.042
0.808	-0.45	0.808	0.933
0.104	-0.017	-0.97	0.498
1.257	0.959	1.819	1.57
0.563	0.163	0.227	-0.05
-0.943	-0.666	NA	NA
-1.984	-1.537	NA	NA
0.31	0.479	1.48	-0.077
0.594	NA	0.138	0.402
0.094	NA	0.163	-0.614
0.634	0.077	1.342	0.84
0.104	0.01	-1.571	-0.044
1.109	1.345	0.706	0.346
-0.018	-1.25	0.242	0.582
-0.963	NA	NA	-0.299
0.058	NA	0.215	0.014
-0.932	-1.197	NA	-0.273
-0.161	-0.661	-0.413	0.89
0.6	0.637	0.017	1.086
0.439	0.426	0.673	-0.201
-0.878	-1.837	NA	NA
-1.032	-0.286	-0.389	NA
-0.753	-0.081	NA	NA
0.908	NA	0.295	0.725
-0.12	-0.533	NA	NA
0.258	0.426	NA	NA
0.096	NA	-0.085	NA
0.685	1.436	1.165	0.895
-1.244	-1.309	NA	NA
-1.164	-1.095	NA	NA
0.91	0.81	0.215	0.107
-0.687	-0.347	NA	NA
0.361	-0.584	0.084	-0.059
0.597	0.382	-0.019	0.308
-1.448	-0.433	NA	-0.593
1.782	1.268	0.863	2.311
-0.391	NA	NA	-0.123
0.711	NA	0.548	0.551
-0.193	0.716	-1.144	0.834
0.968	NA	0.338	1.235
0.613	-0.054	0.483	0.616
2.302	NA	2.166	1.652
-0.284	-0.309	NA	NA
0.255	-0.161	0.533	0.497
0.466	NA	-0.718	0.672
-0.05	0.533	0.636	0.575
-0.043	NA	0.516	0.922
1.983	1.401	1.976	0.975
-1.609	-2.845	NA	NA
0.774	NA	0.271	-0.057
1.195	0.892	1.015	1.446
-0.783	0.305	NA	NA
0.301	0.271	-0.334	-0.366
1.05	NA	1.106	0.265
0.963	0.551	1.253	0.769
1.201	1.038	1.321	1.263
-0.936	-0.822	NA	NA
-0.869	NA	NA	-0.099
-1.498	-0.997	NA	NA
0.544	NA	0.889	-0.269
-2.131	-2.144	NA	NA
1.176	1.083	0.503	2.404
-0.494	0.065	NA	-0.621
-1.762	-1.962	NA	NA
1.198	0.68	1.587	1.171
0.183	0.93	0.672	NA
1.375	NA	1.872	1.465
-0.258	0.213	0.032	-0.507
0.395	NA	0.394	NA
0.38	0.509	1.696	-0.378
-1.456	NA	NA	-0.12
0.474	1.577	-0.881	-0.49
-0.672	NA	NA	NA
1.649	2.647	-0.01	0.904
-0.133	NA	0.332	NA
-0.416	NA	0.282	-0.063
-0.952	NA	NA	NA
-0.742	-0.536	NA	-0.97
-0.449	-0.504	-1.025	0.063
-0.497	-1.124	NA	NA
-0.235	NA	-0.357	NA
-1.536	0.193	NA	-0.385
-2.036	-1.294	NA	NA
-0.984	0.434	NA	NA
0.853	1.161	-0.019	0.458
1.609	NA	1.725	0.52
-1.12	NA	NA	NA
1.305	0.499	1.396	1.162
-1.177	-1.137	NA	0.254
-0.318	-0.281	NA	NA
-0.717	NA	NA	-0.538
-1.372	-0.86	NA	NA
-1.04	-1.027	NA	NA
1.444	1.418	1.851	0.862
1.504	NA	0.694	0.313
1.203	0.483	-0.361	2.332
-0.148	0.055	-0.939	-0.241
0.799	NA	0.62	0.512
-0.795	NA	-1.632	NA
1.648	0.136	2.048	2.431
0.543	0.712	0.379	-0.258
-0.634	-0.966	-0.323	-0.241
-0.315	NA	0.384	NA
-0.333	-0.692	-0.003	0.212
-0.385	-0.251	0.776	NA
-0.392	NA	NA	0.234
0.556	0.791	0.708	-0.099
-0.193	0.1	-1.286	-0.212
-0.557	NA	NA	0.998
0.099	-0.074	-0.041	0.188
-0.296	-0.855	-0.015	NA
0.809	NA	-0.258	0.857
-0.463	-0.066	0.071	NA
-0.264	-0.948	NA	NA
-0.399	1.082	NA	-0.354
-0.757	-0.402	NA	NA
0.934	NA	1.367	2.137
-0.848	NA	NA	NA
0.235	NA	0.313	-0.017
1.106	NA	0.856	1.581
0.06	NA	0.329	0.035
0.754	NA	-0.631	NA
-2.942	-1.812	NA	NA
-0.316	-0.168	-1.529	1.045
1.682	NA	0.93	1.253
-0.677	0.234	-0.535	NA
-0.199	-0.146	NA	0.105
-0.125	-0.313	NA	NA
-2.21	-1.524	NA	NA
-0.218	0.117	NA	1.109
0.948	1.599	0.293	0.129
0.612	NA	0.719	NA
0.509	NA	0.49	-0.19
-0.594	-1.065	NA	NA
-0.73	NA	NA	NA
-0.3	NA	-0.579	-0.674
0.433	NA	-0.637	0.686
0.026	0.823	NA	0.702
0.092	0.492	NA	0.018
-1.907	-1.292	NA	NA
0.176	NA	NA	-0.028
0.233	0.377	0.502	0.837
0.088	0.962	0.824	-0.294
0.039	NA	NA	0.332
1.836	2.16	2.697	1.626
-0.276	NA	NA	0.186
-0.45	NA	NA	-0.325
-0.553	-0.307	NA	-0.936
-1.009	NA	-0.525	-0.753
-0.505	NA	NA	-0.509
-0.447	-0.062	0.79	-0.163
-0.712	-0.926	NA	-0.636
-0.034	-0.219	0.487	NA
1.181	1.406	1.082	0.204
-0.088	0.52	0.157	NA
-0.575	-0.842	0.351	NA
-0.351	0.988	-0.605	-0.892
-0.368	0.626	NA	NA
1.662	0.366	1.431	1.172
-0.442	-0.985	NA	-0.248
-0.163	-0.279	-0.223	0.04
0.469	NA	-0.211	1.279
0.373	-0.182	0.614	NA
-1.52	NA	NA	NA
-0.568	-0.434	0.236	-0.476
0.241	0.008	0.29	0.282
1.79	NA	1.427	0.337
0.498	NA	1.449	0.352
-0.04	0.45	-0.263	NA
-0.927	-0.747	NA	NA
0.616	0.723	1.13	-0.722
0.51	NA	-0.581	0.525
2.359	NA	2.065	1.136
0.08	NA	NA	0.213
-1.061	-1.052	NA	NA
-0.492	-0.524	NA	-0.008
-0.678	0.437	NA	0.685
0.25	0.398	-0.82	0.376
1.209	2.186	2.331	0.866
-0.243	NA	0.279	0.393
-0.425	NA	-1.487	NA
-0.874	NA	NA	NA
-0.004	NA	NA	-0.127
-0.745	NA	-0.666	NA
-0.519	-0.36	-1.026	-0.796
-0.046	NA	0.192	-0.423
-0.658	NA	NA	-0.138
0.649	NA	0.716	0.493
-0.157	-0.182	NA	0.434
-1.772	-1.442	NA	NA
0.72	0.402	0.54	0.993
